452	4312	6813	4969	5675
6848	3484	7819	9783	843
7876	2979	8844	4206	575
3659	8886	1103	9114	5515
6554	2011	6205	6921	9274
386	9136	9043	5985	5020
1152	519	2741	8188	4102
9631	8159	7790	6671	3935
7579	2054	919	4126	6336
7381	5837	3778	364	5245
6991	3080	6811	226	8686
574	9412	9453	3905	4459
5576	5113	985	3526	5483
3487	8221	1193	6480	8611
5912	5005	5119	1045	9693
6	5515	3038	9697	3982
6861	4106	1175	9834	7923
2720	6019	6632	2031	3249
3492	1457	7397	1050	9101
3640	6658	7045	857	8544
2667	9944	5921	1632	3952
1027	4988	491	2162	8106
5740	5715	8006	5028	390
7994	3025	5579	9475	2006
5541	9693	2571	4554	7930
964	7437	7108	242	5801
5960	6331	6197	9805	3907
8437	5925	8582	5587	2983
4080	4132	1026	6457	757
2038	2112	8459	7436	6835
3179	4860	1819	5868	1111
4330	8488	2694	6320	4338
556	524	1349	2797	8860
9423	2541	5365	5881	3426
7232	152	7628	241	2371
7610	3337	6344	3114	8000
3270	9947	4366	3827	7229
3401	2429	7882	5750	1251
9468	8429	5689	5081	484
142	2955	1068	9493	6134
8100	2084	5211	5114	5638
6558	2037	4146	2489	5312
2171	5074	7878	4556	2998
4212	5477	791	9219	5746
3445	1512	8933	9837	8764
1070	9809	9988	5492	9097
5173	8378	3522	6062	5282
5628	8460	8328	7101	7207
9226	7270	8202	8013	2284
8868	5226	6620	9535	8088
3412	9931	4239	2738	3187
1652	8140	3622	9411	895
5963	7005	8998	2192	257
3994	4950	8313	1517	6995
3935	9824	6810	1660	8280
498	164	8932	6803	2809
7165	2405	2414	8760	938
4469	482	5609	406	5502
1428	1058	7489	2593	5211
9964	762	8479	7912	7899
1451	9921	4503	3218	3516
3159	3471	3227	8123	708
8207	6007	1171	5400	4280
3438	3510	844	3912	9376
8247	8342	5615	3121	3616
7751	7472	9997	2223	6087
8891	4063	4218	4998	4427
9123	3578	1643	7211	7103
8629	7161	1242	3678	5110
1030	4646	5830	6035	5445
5710	813	2352	67	7241
2192	3576	489	2279	8839
3503	1857	1854	9101	7516
9136	8985	7469	2971	3541
3645	6169	4926	2752	2166
2391	282	416	2293	4378
1736	296	1086	5692	2266
3992	7830	6083	419	7980
3418	7892	8855	9402	1852
8531	5309	4738	5269	9761
6438	198	6707	7274	6266
946	477	6018	8621	1745
6394	3836	9781	4364	8554
4117	2844	5437	7991	9306
7787	8399	1474	9893	5861
5173	4966	7613	5579	6763
9253	5021	5498	3700	450
2244	2892	522	6484	9880
9507	4588	454	8349	3990
955	8783	3007	8317	8729
4684	5711	8708	8276	2275
7771	2649	2702	9378	5519
2369	2864	7793	7810	5641
8160	281	5860	7686	1239
393	2502	9704	2677	2080
4819	1519	8688	4386	6542
5607	711	6426	6540	602
4312	7593	3197	894	3225
4854	5405	2283	5185	203
3141	1024	493	3276	2066
2025	5521	5741	3684	9727
4582	3234	4751	8949	9069
2981	6453	8664	4207	4271
7887	4882	5556	6834	2417
862	3837	2274	1761	9816
7150	6168	3039	3132	231
428	6931	8882	1884	167
9212	5661	1933	3426	3362
8069	737	3680	5214	5684
4038	6922	5791	8327	7909
9189	9039	1235	4583	9821
4839	8220	8875	3016	7461
8250	5904	1435	996	9476
5532	9131	4027	1389	6816
9594	4081	1730	3047	4848
297	1278	7820	1433	3140
501	8533	5651	6023	8082
507	2445	8501	8669	8045
7281	4249	2465	833	475
8110	3889	4046	3274	5711
3044	3062	814	8375	9658
2535	7468	5796	756	1331
1709	8368	2469	6601	9815
4528	8521	1241	2924	9060
8970	4940	3321	9892	3853
2523	2376	2624	9153	5648
8597	4199	3161	221	7150
4925	247	5495	6633	4121
1396	184	3803	4928	5692
8195	8457	9097	7826	7136
5583	3403	8124	2323	152
7602	4345	5518	1635	2862
3905	1877	3361	647	8542
653	744	6949	8991	8705
1483	8842	4948	4730	8397
7653	3370	2071	3083	4522
3349	6710	3992	6854	6877
6490	5645	4251	7477	2514
9265	4617	5227	3658	5428
7757	9885	2733	8140	941
1073	7575	7176	4063	1877
6105	2077	9741	230	9952
6769	3285	4360	7193	8425
2544	8629	2925	6505	9837
5367	7401	8833	1067	81
7284	5365	4670	8539	9575
2008	4208	419	719	6368
267	9567	9751	1498	5527
7803	8949	9753	4983	9453
2921	1671	7578	5704	5261
2672	9722	4355	7929	2882
3841	3883	2374	9737	5221
2273	6379	1552	4389	209
978	9756	7347	6724	9988
8571	3394	6138	2769	6586
5587	1561	8582	5625	9618
6950	7428	1262	2414	5719
1672	8751	4541	413	5767
8067	1450	723	955	2597
7745	5164	7856	2804	1383
5391	8292	3134	9771	1677
2725	7909	4005	2851	4173
2242	4004	1738	1250	5174
9485	9412	2966	4188	6237
3516	3746	520	5140	824
2526	1688	126	7383	5399
7026	9218	7993	4246	1623
227	4767	3585	3609	4188
3211	9573	7366	668	5799
263	7854	6676	4119	74
972	4407	7308	3969	5814
8508	2953	8043	203	2081
3108	9857	4987	8962	1249
363	1841	7016	6108	7841
992	2849	5829	7023	7600
9755	3255	5343	250	8119
3569	1737	9527	4730	5633
6430	9054	7379	8827	438
8926	5919	2247	4221	4755
9868	274	4483	2673	6304
2119	715	4362	5954	9665
1495	3541	5610	4507	4637
2478	919	7524	1615	9221
9112	8022	2012	6930	462
524	275	23	5369	7493
5107	1267	3793	9809	9307
3714	3568	5488	1207	3517
5570	5331	9898	4761	8416
3337	7897	4520	4281	6649
9208	3437	6083	4636	5865
4270	4000	9753	2407	2302
8413	8066	6719	2013	605
5983	2105	4592	6932	5273
1025	3301	3581	2705	9197
486	6996	2236	8404	67
5651	7350	3550	7328	3308
8902	745	9162	4363	260
367	8756	7952	1085	3524
4908	1928	2768	8228	6329
652	220	1096	1721	352
6	9134	195	999	8439
8199	7825	5913	1137	8457
5907	6010	5160	9624	1835
3608	3343	8127	5425	6687
3770	1543	7750	8993	7662
1179	2881	5947	899	4923
3665	8619	4784	4862	8184
7220	8075	3770	2799	8625
6606	8760	8046	708	8262
8713	4184	2930	2269	6005
7591	5031	3891	7077	5675
1359	6593	8299	4372	7732
3579	5545	4809	8263	6823
9849	7268	5558	2843	8267
7416	9880	9995	5089	9350
7608	4949	8050	4336	3945
9437	7591	7240	7719	1935
1588	9324	4745	5305	2906
63	6252	7918	1060	9980
5386	5598	9871	9381	7572
7377	3076	388	1090	8870
701	6491	9387	2048	8391
3685	8695	8538	2494	1986
7807	7715	4225	8796	4202
4537	1857	3845	6025	4175
6307	512	159	8369	4185
413	9504	8939	2163	2383
7530	2050	3320	6278	5445
7770	7803	6407	6016	9072
3421	9703	7171	2650	9902
3176	4520	3426	942	2080
409	6321	749	2452	9030
98	5008	2897	6744	7345
7325	6330	579	290	6474
2574	5495	4140	2970	5063
2302	3902	8880	4626	3311
9373	2526	2257	9015	2915
7212	5544	2132	9145	9484
9787	8682	8080	7550	6313
4856	8738	9348	1690	4082
3345	8362	7228	4935	3219
4550	3245	5766	7203	2611
3496	1747	5183	4375	2055
2275	9450	1721	9440	7440
4111	5539	3371	845	1118
4196	8412	6188	9290	4506
8328	6212	1354	1374	201
7688	5949	9228	7752	424
4754	1916	960	4584	209
9779	9772	1306	2631	1441
9137	7094	1573	6338	2241
2067	2497	2224	3808	365
3345	6699	6423	9996	1784
4571	3670	864	8310	4562
2160	8989	5387	2542	6186
482	7254	5590	8946	6716
5860	4902	5996	2553	9942
1500	3883	1319	9787	4012
4464	8615	1934	8324	5780
511	315	9663	4311	1230
5383	4008	4070	6293	2194
6736	395	3694	8515	7465
6866	2408	81	2895	3048
7185	8827	6225	820	259
2112	4631	3058	6991	7490
7890	7161	5344	2803	6159
9697	2519	8920	6843	1956
1447	7427	4049	2599	1416
8656	8836	5571	1530	9788
9441	6048	5116	2316	2967
5205	8673	6071	2439	5040
4366	6035	5507	5056	2278
1131	3755	9635	1821	9227
8739	742	8305	6540	2674
2968	1211	952	8468	7660
2356	8961	8921	6574	3690
330	6655	2861	1664	9024
6761	9711	1824	7124	5287
4301	918	4550	1394	380
7544	6402	3505	3125	7161
4735	8479	2271	2468	1615
8471	1120	5403	2114	5923
3257	3427	2692	3758	317
6834	4481	5695	3861	8978
466	1236	1121	3847	3948
1945	9570	1956	5505	6232
2437	7120	8767	9488	3271
861	8686	5114	4842	7819
6457	5529	7694	3827	8012
6362	5234	6855	7611	1000
9347	4185	9898	7230	5826
4345	6738	244	3437	4169
6104	3653	1125	3828	8116
1978	1473	6061	4675	6435
8663	6575	5037	7872	1789
1107	9330	371	826	9825
9753	2884	1006	8355	2489
5852	429	1303	1481	3497
3247	4463	6147	5330	3402
4393	8099	1417	98	3559
8938	8967	9187	4831	6818
1634	5079	8708	834	7179
193	2207	2677	9605	4586
2419	8482	4959	8600	2528
8552	4624	2694	3627	8896
8483	773	2456	1916	634
8593	7488	9950	5674	8097
7808	430	8911	8173	5521
526	8838	6445	8422	6914
9815	6976	4598	5239	239
9912	2173	1760	3635	1255
9573	1499	3200	2402	4489
2068	2717	9627	7408	4216
5884	7098	5118	8608	6700
8024	8652	1262	6184	9976
1059	2478	9135	6280	4644
4855	176	1540	612	6583
8444	8568	9011	842	6061
9058	1729	2673	6555	2739
4824	2489	5314	6692	3743
5513	6936	2225	8209	925
9103	8277	6784	1693	2168
4728	1152	5591	425	3741
8369	350	6788	6132	2087
6089	3792	9123	2653	1260
1295	6936	3437	2037	922
9858	2576	7004	9435	5417
9436	3413	8467	6431	3863
5025	3549	8709	995	7518
7251	155	6714	2126	3517
2781	2388	4735	7636	790
8718	1233	8136	3544	9271
3311	3134	5516	4873	7163
8056	327	6587	9669	8231
5091	6423	3131	7183	2192
3832	7850	7488	1083	3747
4499	6214	2200	2084	4413
9793	4269	4492	9323	4942
4431	7116	8768	732	5353
8128	4625	7746	3152	6727
7850	9198	3305	5619	6469
4790	1150	5876	4099	7008
1408	4527	7919	454	9720
7473	4734	8183	6837	8587
1244	8642	7547	457	5761
7188	9155	4294	4806	907
5461	5573	2401	5269	3588
2841	2393	340	3054	1983
9222	794	9484	1606	3000
1674	9784	7812	6311	8154
6406	9490	7601	4538	1005
8846	3230	7589	7458	6638
4787	9394	7374	9057	7094
3453	6089	1067	2703	8113
5042	2466	6813	4696	6481
9087	418	3476	4786	2839
7127	6293	9076	2872	1717
184	8236	3731	3083	4701
9746	6080	1073	5815	5655
3224	9878	9579	6526	742
869	3013	1350	8732	4479
8422	3362	3666	4974	6653
2649	8967	264	342	1957
8013	2145	9786	7221	1759
7202	9321	7106	1877	2537
3344	6358	3131	9907	1608
5314	8535	5388	7779	6502
2590	8403	6240	8154	891
9752	8923	1499	7267	8591
9814	4952	5335	3745	171
5405	3885	8604	9887	7989
9973	2807	1418	6368	4523
7410	7575	4895	1533	4142
7255	6481	8188	359	4765
6803	3109	8241	5130	2956
6256	7411	3440	1940	6682
693	142	7148	6997	7843
7223	6383	4281	5265	4661
9374	6344	664	9163	1330
3401	495	8556	1889	9858
2067	8347	2333	5394	6256
1420	8575	3945	6573	4195
6438	872	4097	4810	3371
9206	7121	6628	9641	9063
3020	7262	7614	9819	7219
8476	2317	3755	7467	3186
8886	970	9444	9550	6779
4330	6769	5625	9788	4501
6464	3264	4017	1540	2097
715	8719	2213	1197	535
8515	3433	783	9977	8198
1245	9795	6155	5048	4523
2111	1113	2033	4665	2873
673	9098	5506	5658	8088
1767	6892	9119	5240	4483
3946	3087	5417	9484	7102
8913	3191	5181	4177	2440
8513	1914	3424	2509	8249
3326	1491	8554	2521	4807
2616	2466	4656	6869	2519
9553	8334	5102	3069	8433
6194	1197	4311	3786	5096
5768	1971	9906	5167	5390
1400	3137	1554	8559	7598
5673	7439	3018	610	6744
6414	1053	7365	9086	8094
8770	4672	8891	4113	4681
5721	236	757	2434	1663
3221	74	6102	3522	7464
6279	6791	6473	4089	9460
3736	5600	2967	1798	8608
9185	570	5082	1215	8604
4340	9733	9672	9239	2910
7203	3350	6140	156	5437
2205	1170	7705	2615	9362
1483	1074	9728	9908	3162
57	6762	7934	8347	5041
4940	50	1714	2542	2431
9412	4271	2239	3142	6824
7189	5996	3148	7155	4115
1446	467	1413	3351	2786
1499	5280	1071	7669	2888
9046	1753	8097	1845	1108
8519	6462	3029	3989	5008
6787	3719	2015	2161	7959
3306	2850	9143	1412	1283
7192	5389	1340	6685	8258
9930	7612	5594	8550	6372
801	5404	672	8760	182
2867	6886	5413	8437	3673
2224	9768	1750	3998	2702
2832	368	5595	9439	9237
5849	3969	5551	4725	3167
331	9379	392	7844	8127
5418	7400	154	3322	9107
5734	4246	3326	7999	488
4290	8102	9620	3821	3958
4	267	1516	3197	6579
2292	5955	2707	3524	3926
3632	6940	5665	1745	6268
4241	9305	3945	9165	3045
6118	5953	6321	1505	3817
6090	4894	5918	2526	936
2084	2702	8037	6892	4466
1376	4112	4642	7003	5369
552	2441	3115	3108	6015
4298	5994	4724	1364	893
1987	4481	6060	5006	9920
1337	2511	7747	2572	5858
5589	5131	9873	8516	4895
3079	4703	9980	7783	7506
286	2770	7827	402	3902
8496	9426	7029	8336	7025
2172	1573	4217	136	6577
9594	6229	2902	9137	8998
5186	5644	1655	9615	1978
2405	6134	1589	2430	2695
7477	9517	9256	1400	8877
7310	7260	8202	8758	8370
1524	4837	6695	5621	5129
1519	3851	3176	2992	9871
5327	6611	7198	822	3293
1601	8314	4804	6493	1597
2986	1112	954	8798	6052
1757	5502	6370	682	2
1987	890	1548	1746	9294
8336	4355	9325	6626	3642
3660	6992	6055	8502	4273
5962	21	2880	3538	9078
8189	2023	1286	5476	8512
709	6317	4208	5360	9141
9269	4715	2976	990	9402
8589	5820	9713	7790	6717
2975	6633	422	5419	5149
9582	4322	5910	550	3645
4577	1854	6518	9935	5455
3577	7844	3399	2964	9125
2630	5157	3075	3007	1044
4302	4058	9385	6312	4293
5414	4939	2834	5760	2452
3275	4109	4549	9994	353
2309	6710	6845	1405	1726
453	2193	2848	4196	8065
4542	5524	1934	5123	6224
4626	6508	3357	5445	2925
1022	409	1032	992	1404
9220	7180	5010	3859	1425
2240	3957	9243	1937	1384
8109	147	9357	4459	7593
8518	5018	3722	1714	3875
3594	6771	3652	206	1353
290	9478	3319	9683	2088
5590	5624	4239	4879	6190
1584	954	5314	2401	1166
8452	2514	3464	4967	4445
9187	6159	8245	6033	6780
1583	9454	4728	3282	435
6224	9017	8033	2468	3431
3227	6145	747	7623	4809
8602	1933	142	8080	8724
1261	1282	8064	4725	8608
8959	9368	9780	5777	2121
399	636	3469	8531	1184
2241	3774	4671	6529	3717
8023	7078	2507	9300	6874
6156	5757	2597	2554	1639
7885	9079	2180	4880	3661
5556	7509	5322	3843	4903
8998	2052	2035	5791	289
6482	9747	6102	8161	5345
9511	589	9004	8538	6989
1613	4076	385	5557	3828
5261	3633	4390	9390	5259
7956	3017	9632	7987	1043
8144	1211	8950	2634	538
5659	8332	4043	3822	9812
8194	1012	8958	7253	2171
9853	5725	4615	3056	8992
4094	6345	1741	3600	8460
7073	4606	2722	149	8929
4884	1636	5307	9486	6586
1192	1012	5076	8510	4119
3676	4572	6377	953	8258
8443	6197	1552	6167	2930
1645	4384	9237	6602	3436
8356	4047	9100	6429	5881
5587	6134	455	8809	8398
6033	2201	6111	6726	5174
7437	6189	1640	5837	7553
4418	1091	9609	8470	3775
1731	7056	3577	2237	968
3267	9462	574	8482	9966
137	3143	4322	9588	6018
8592	1627	3543	9274	7883
5190	1848	8997	883	263
372	1687	1161	1091	8356
5028	3663	3025	1612	1548
4778	5513	2480	8498	1391
482	7675	9494	3823	628
898	3731	9439	2258	5952
9212	2847	8107	9397	6145
3979	8744	9152	1402	8927
3887	5150	8307	1677	40
5967	371	4727	9123	7895
1740	4663	7267	6332	3584
8562	9355	1424	3388	5592
2911	6342	4377	6554	1119
4072	3390	2201	5865	5399
8048	3525	59	572	4269
5828	3082	7068	5422	53
3565	8740	3987	2108	9315
5625	533	191	5551	5595
9413	2321	3741	6292	6825
6309	4352	9387	4177	736
7740	3163	9462	9335	613
8830	7311	6727	1333	2457
9532	6352	1723	4312	7128
6520	4676	5984	9281	6471
9329	8408	7020	6949	7209
9002	3683	7146	2898	328
399	8761	9375	3687	1009
3619	875	1936	6987	3926
2472	7468	6647	5523	7156
2317	2065	5741	7423	2019
3650	4289	4601	2325	6111
5243	4467	6541	338	1791
1918	6447	4655	2238	9703
203	5020	3178	194	719
1453	4109	6028	6003	5277
7533	9209	6711	6698	4348
5058	1830	1751	2384	6648
663	3770	5356	6699	9664
1746	8510	7645	6356	3208
9865	4287	7697	9528	6066
342	4026	6033	1739	6709
8478	1275	2483	9677	2917
6534	3257	317	4618	7768
8088	6828	16	2748	8070
155	8945	9528	3521	3553
967	9442	1697	7489	5278
3159	6497	6068	4679	2689
2790	5220	9521	4095	1757
5716	7472	9173	4499	7774
6069	5256	29	8509	4823
6836	3902	4310	3927	5985
7045	7219	3913	2189	4385
9619	6852	1087	7512	6759
3136	1178	6097	4069	4628
6595	9529	9938	7230	6276
3649	5345	5203	5652	9156
1057	6220	4937	9284	5665
1394	8943	8993	5039	7415
7244	6623	73	3789	975
6655	915	5002	2182	4374
3722	9484	6779	7573	2046
8787	302	9337	259	5782
4844	733	4017	9809	9993
1375	6741	3957	1464	6610
553	8681	249	3512	1800
5960	3083	1283	6542	7423
4686	4437	7327	1046	7550
6465	2772	2337	950	300
4900	9844	7182	6673	7944
2083	5305	9320	4079	5123
4863	381	7328	3479	7503
5983	8198	7451	3693	2867
5769	9991	3492	2516	7371
3592	113	6591	8952	4319
9333	1819	1251	3773	9609
6859	7604	1439	8676	7357
1302	1334	7382	3142	1633
722	2675	7166	4585	2306
293	2968	8008	7657	3862
1506	1611	2974	113	7615
1249	6887	964	357	843
726	7157	3808	4814	9614
2913	4831	7080	4929	3834
2243	2709	1701	7873	3672
672	8163	6566	3303	1418
4334	9836	8456	5612	9978
8561	3457	3134	6644	8175
9261	1738	350	4556	6833
8592	2262	1832	639	7984
5105	8153	1151	8389	4696
8675	558	5391	6481	4233
4499	6363	2436	2590	7708
7131	1348	7998	5467	7902
2786	6996	8390	292	4392
4189	6523	7530	5457	7402
2671	394	4128	6794	1366
1847	899	3991	9151	4249
4767	1496	8493	2701	7259
4377	2234	5264	8947	3627
4302	5879	1045	145	5671
5035	7591	5942	28	2876
1398	5531	6667	2892	9803
2387	9653	2812	7422	2325
4523	588	8396	9991	225
4291	9696	5254	678	3660
2645	1048	9434	9828	7603
9797	3917	6804	5514	4340
5990	3111	425	7252	2769
8117	7105	2983	3644	6117
7156	1033	7835	2939	283
5037	1327	1947	7438	7509
4676	4519	7702	8713	1864
1867	8095	6165	86	7587
4361	9015	4290	2056	6130
2983	8169	8719	8408	3271
4897	8448	8257	1192	2418
1049	2877	1341	6651	195
2168	6929	8665	9045	1524
4765	1692	6715	4599	8499
7915	3218	7936	7686	7402
6589	8238	4584	6067	8906
2556	5316	6475	7692	738
3547	9721	5001	9577	2966
5676	2226	2568	7607	5932
2800	2700	6059	7853	3724
5246	7407	9819	7157	5545
4792	4465	219	2858	5469
4626	9470	3167	6989	7665
5069	7551	1095	7097	8790
8573	4211	7356	9194	887
9361	9272	1914	9908	1053
3966	913	9800	9632	1992
4532	3767	9787	6925	5962
2086	9541	7771	8530	2804
2003	5859	4954	8763	8631
6942	3628	1753	6595	3585
8621	8266	476	9364	2361
2867	6241	2790	9188	998
6697	2579	249	6630	1734
3434	2368	3021	1109	4943
4077	6816	397	6907	9494
1943	2944	4739	869	1185
717	9431	1960	871	7229
5386	7419	6840	2278	6078
5388	615	1054	7009	986
7434	5884	8947	7512	82
5335	8998	3230	9387	8927
9735	9794	9113	3428	6872
2829	8588	702	542	265
6116	1172	8364	3990	3364
9695	9604	6610	5500	9132
730	132	3599	8300	489
659	8033	6235	6539	5071
6982	9799	129	8294	295
638	2294	9189	3964	5712
6344	5278	3539	8473	6786
77	6139	3605	391	4042
5714	3285	6231	5006	8995
8932	5774	6015	7294	8846
5738	3347	2098	2815	2177
5989	4059	7258	9304	4537
6727	2939	4132	2997	652
5975	1361	439	3804	8006
4033	8218	76	670	6440
8339	46	6110	704	3112
247	1639	3056	4738	7982
2346	2655	2400	650	5931
3761	8279	8872	3862	1924
5582	5478	8123	5163	7637
877	9972	317	4182	360
2102	7180	7128	2438	6588
1145	3168	5934	6053	202
668	1543	3721	9440	3947
641	235	675	5300	4043
3848	2145	6644	3582	2399
3657	4956	7665	5541	3627
8783	9647	5902	470	5724
1449	4480	1041	8776	2834
8662	7761	900	9287	8809
6580	2086	3837	2090	4683
1755	9548	3589	3970	1012
9092	3954	6354	4669	2368
7722	8628	5945	1257	8987
298	9652	644	2086	9448
6184	7441	7360	5231	5061
3518	1851	1569	9824	7150
1702	1081	6177	5078	1927
9737	9184	504	8905	4725
5994	5505	651	2884	684
778	6113	4605	9040	6517
1445	3754	2087	16	2292
1033	1322	1085	2970	2582
397	7590	6982	4488	643
697	824	7820	62	1068
1103	2792	339	1927	3004
9151	220	9073	878	1586
3689	8862	5611	584	3409
6334	8195	9805	7906	7414
5023	6401	2775	2116	8135
2368	8697	3429	9882	9888
5334	1608	5272	7999	9065
2258	703	565	4543	8073
6180	2531	1200	52	8688
3143	9194	5394	3870	4273
6725	9776	7809	6238	5176
8171	704	7443	1012	1262
799	8913	2827	6038	1461
9175	3160	2481	9915	2269
6968	3768	4282	7242	1331
1181	5463	1072	807	9007
6200	8788	3519	1562	9478
8319	7210	3997	2389	6682
6885	6421	1782	6729	2731
9711	8133	212	2955	1239
8886	3034	9372	1755	8798
2116	4684	1650	8115	3291
2982	7341	8816	8978	1673
1321	3067	3735	4638	7474
7045	9543	4597	5692	9822
9548	7549	8851	4277	4065
2792	1901	8004	3354	6136
8115	103	3564	8522	5920
9743	6943	1838	7331	7739
515	4814	7730	2240	6206
3251	9949	78	6603	3315
446	495	2748	7710	3152
7462	8281	9102	9158	7046
7239	7618	6664	1465	9229
8342	9663	1940	816	9487
9165	1776	8762	2368	8657
292	4288	825	4089	1424
2163	1545	3494	6501	2098
7843	2870	4923	102	1852
2052	2957	9164	1191	9669
92	7750	7282	8683	196
1436	2278	4046	8149	5234
8214	3676	5834	2973	7849
9491	6753	174	6666	9966
5578	7865	4001	3320	9035
295	9303	1611	986	8962
5900	9462	3669	8687	4249
5521	8624	5583	7838	4524
2272	4075	925	9737	983
7294	2077	9351	8606	8344
549	7111	2844	1668	5712
7571	9813	7037	7409	2902
2311	5969	54	5726	7172
9616	7423	277	8968	4662
7023	4096	8951	7659	7702
779	5121	4810	8642	3789
7057	2848	4700	7971	9100
5795	3306	6348	3763	4141
7947	7593	4987	5809	4282
7408	9987	7363	219	9605
7422	3975	9192	112	8175
5249	4958	5010	3789	1155
241	5542	8823	9436	1569
6845	1775	6773	2534	7545
7859	7014	2264	5655	8378
1637	4205	1073	751	6506
4560	4712	4384	9820	5449
4107	5257	6449	8772	7918
3531	6341	9071	7101	7394
5415	2881	173	5192	8374
1179	6330	7378	2356	6609
7218	9911	6865	3811	9501
3086	7263	7869	6959	9563
4875	4147	6278	7653	8806
2807	4410	8487	8703	8282
4968	6910	9707	2828	3679
4491	6333	7027	7587	3786
4354	1889	854	6092	1671
2387	1233	314	6554	4711
8726	5010	1297	1084	1225
4008	5586	4350	5675	8866
8552	2271	9792	1445	663
3964	9140	5069	3825	9910
6665	6778	3099	8414	9491
3908	2826	6978	6872	4328
745	5746	1426	7315	5013
4658	5123	9942	2763	9451
2996	7105	195	7450	8807
7950	5238	6825	593	8402
8541	7061	1770	9372	8498
672	8156	4142	9977	158
3507	3195	5469	5160	7003
3100	7071	1209	4363	244
1770	4517	6433	5852	1488
4565	1802	541	3044	2646
9147	8801	5613	7278	4026
4170	1019	8437	4370	9248
913	9470	4914	284	3512
2256	1494	4798	745	2849
3330	7122	6471	5708	4098
768	9188	1085	4482	9167
6492	1761	5648	3108	3456
5331	233	1583	6611	6857
7294	2216	9667	4768	763
1670	4703	5398	8101	7805
3145	1497	9805	7873	4070
2160	6610	3700	5792	2300
3649	3826	5419	7270	1470
5515	9081	689	3491	5858
6239	5426	3021	7538	6307
598	9947	775	1141	6287
8055	7911	7402	1035	1749
7652	5880	6605	6122	6530
4234	6250	2015	7304	5455
8639	7893	3885	8334	5097
6569	6757	2329	6	9919
8108	5159	3097	3037	1158
5509	5641	4390	7637	1261
9998	1690	6731	1223	4665
8427	9149	4413	4871	6737
8627	9986	978	2279	6040
1194	1896	6959	9747	6580
7602	914	2990	9336	7142
1284	3000	3088	34	3097
9494	8364	9813	9064	2905
9959	1738	1216	4489	8803
6332	5414	5833	3257	62
3444	2413	644	4993	4927
1513	2513	8225	1181	6706
9649	7696	2155	1029	3334
9195	2139	7829	6369	6496
5652	814	5365	6455	8130
971	2108	6863	3706	5794
5059	8981	5513	5389	5104
3381	9554	170	2592	4912
6622	4900	2711	3630	3359
8509	8958	2787	131	9670
8398	1773	611	5222	1196
7186	305	3134	4539	6932
880	9254	4669	6825	7742
1094	2196	8679	897	5530
9947	3151	6051	2721	4707
1657	2856	9241	8486	1853
8511	4757	6107	1668	5647
7929	477	5105	3849	5986
2095	6235	8509	7952	7177
9644	6420	5568	5955	8439
5340	790	5254	8731	8179
7115	7538	8370	8718	8343
5524	467	5577	5166	6430
8950	2288	3140	91	6674
7590	7442	5408	7832	9128
7105	5521	6468	5527	2919
9829	3420	9928	3185	6703
9720	8808	2841	5732	6615
6434	2549	3880	3055	7685
8271	9707	4028	8575	6002
4362	2918	638	8857	9395
3552	9019	754	870	9305
3860	9209	8402	2179	616
9537	2697	4256	6557	6368
4579	2324	6637	2161	6432
1233	6179	3131	7479	2820
3658	7159	6445	412	5759
6289	7405	4713	9331	3908
8183	6483	8436	4995	9851
1861	8701	771	9792	8698
479	7491	1828	7998	7774
7445	5461	7216	8228	2342
6801	3302	8310	8248	4198
5426	3229	5862	9141	9329
7438	9238	4035	7560	9910
279	3810	9080	9062	3353
5640	3046	7938	5249	276
5834	9085	4192	53	8524
6045	3865	7160	8952	2938
618	2591	9375	3880	7170
2295	4077	2638	97	7402
7272	1466	4099	7955	7066
7768	9290	3758	9258	7917
4853	7109	8991	2838	9808
3107	6209	4142	7640	4633
5327	2484	4379	3272	745
7330	7466	4390	2750	5337
4762	6520	2416	2521	4632
6682	6617	2167	234	1144
6587	3894	1185	2381	6614
7089	3407	6372	3113	4917
1714	958	4847	3161	861
4473	9544	7750	7487	6816
5805	5200	1116	8122	9306
9367	4144	7883	7574	8173
105	2100	7867	4744	9063
3205	6831	8102	9755	8976
3295	3137	6464	9050	2588
3889	3011	6483	8203	1083
2943	3810	5212	4826	7020
7103	2299	2547	3460	4398
249	7606	6517	6266	9943
8984	4057	7352	2039	9490
3589	5823	5475	6484	7238
3734	1544	6775	5101	5750
7723	304	9910	2020	6852
4779	9618	2777	4419	548
2847	1718	707	7044	5740
1837	8009	4656	9617	1614
9588	697	3906	8382	1230
4073	1560	1186	9851	7143
8578	9862	3248	3973	7693
8244	1935	6451	8778	7403
3725	4648	3076	1504	8233
2867	7280	1223	9296	7763
4624	6112	8199	7714	5118
5157	1654	2989	3910	5653
95	4786	3932	7563	6425
4272	8258	2628	4648	5612
4050	143	10000	2938	6403
8079	8410	667	8174	9096
6948	3877	6859	6828	1264
4730	9906	1122	6057	5321
9760	4054	1073	2277	6309
9052	9585	2366	6139	2290
5498	5091	6371	9163	5589
6697	9729	4216	7647	2728
9148	9145	7591	7408	5511
5684	4113	2655	2269	6234
3004	819	6549	4780	1287
2685	3791	9737	1759	2040
8849	8647	6419	4538	6085
8743	2052	7530	9342	8566
6994	3956	8101	9171	3870
7201	9206	3620	8867	2393
6327	6785	7603	5224	2093
8583	8097	267	7353	6299
6508	9771	8341	2656	651
2751	3130	4403	4384	2657
1010	2178	320	7213	4586
2313	4782	9210	2622	899
2671	1289	6393	2677	1547
2511	1009	463	2771	1249
4295	1593	9634	8570	7395
3003	6224	3047	9494	4197
6815	6908	945	1643	8420
8986	2206	4948	6459	1500
9569	2802	1004	4718	8807
4164	8210	6932	5434	116
695	5208	4352	7403	2389
5932	7645	6487	7019	9984
1619	4509	8139	3413	369
3402	7076	5812	3773	6737
7051	7467	8010	3079	6978
1439	4230	1098	2838	1657
9298	7179	2047	4364	2030
9166	3894	519	2522	2083
6070	8491	3272	6739	3548
7706	1292	3081	8455	2806
8935	9780	9322	4068	4988
3026	7847	4930	627	9539
6137	2798	5292	2552	2767
8985	7297	6949	7101	536
3331	4205	7680	4535	2204
5360	4136	5	2762	4465
1532	6093	7039	9035	5634
9013	2907	5859	4758	8258
895	1268	7399	5726	6604
9673	6956	3059	8068	5690
1211	3706	5588	3505	3464
5519	8376	7279	9336	1322
2823	8524	1886	2341	2179
5887	2977	9015	7480	1011
5912	3372	6538	2801	9053
8922	1782	4157	7333	8647
5510	526	8414	7272	6927
3308	6565	4754	2881	7962
5332	1959	3879	7500	2979
7289	9282	9959	2481	5928
4342	5841	2927	4485	7030
7678	9715	4001	4515	1449
7863	5032	960	7941	3138
7367	7645	2518	6878	4898
7020	2384	2323	6577	1163
9912	1811	7794	1142	4878
2519	9356	8911	9770	9277
3813	9021	9340	8325	175
9734	3907	2008	4389	4260
9027	1376	994	4000	1466
6781	4682	7268	2341	4177
5125	9846	8873	1032	5333
8838	3449	1766	2139	2373
3507	2591	8636	8524	655
1750	4564	784	6311	7961
4103	5804	958	426	1380
5984	2020	6656	1302	8018
1456	6081	9012	7957	5225
76	6056	9331	61	7388
7178	1055	6250	6078	5392
8427	2188	5330	1786	7098
2515	1233	5979	2524	2210
5573	1879	4533	7359	8697
874	7297	9627	3666	5559
1091	7461	8807	1178	2395
1166	8618	7397	9896	1948
8256	1003	9724	3368	3359
568	4686	2457	2178	8447
1186	4675	9108	9386	3022
9275	1951	7734	4602	1903
4425	6437	355	2395	3553
5001	6462	8057	3839	2882
7499	9391	5553	4694	5888
6306	327	4855	9602	9299
6516	2008	4115	6090	4898
5584	489	6599	8514	5712
4245	824	9935	8758	4432
5287	958	8094	6117	9803
6923	8230	722	1018	2097
9271	9793	3151	205	9881
960	4720	360	5938	3993
9748	8777	2357	2332	2554
3744	5177	5458	6180	2266
978	5436	3344	6913	2565
7109	5884	3495	1339	5014
5472	3485	8205	3742	4815
6531	3218	5477	2999	981
8586	4450	3674	3022	4886
1247	7514	3979	4550	7342
6198	3116	1406	2122	1634
4736	2012	7078	6194	8206
6309	2927	5270	6873	8161
8575	7607	9606	1115	7854
7666	6266	6792	9198	6093
3015	2232	4161	81	5706
1858	1463	5777	9735	6874
6018	1704	9578	9477	7284
1260	7267	8304	4303	367
3694	659	8691	4759	6911
6552	6922	7154	4479	2965
3128	775	4712	1685	4876
6449	8270	5541	4761	2576
5073	5764	3364	1149	2524
8045	2114	8075	538	159
5010	1938	3593	9689	5303
9284	9308	6714	3891	3399
1302	3863	8874	586	4754
6649	2426	9600	602	4880
7963	8418	5468	6996	4486
4600	5492	7531	3091	4188
9022	619	1692	1128	3199
6471	2204	4185	2914	8291
3618	1499	5098	3952	7886
7827	8433	7633	4331	1358
7720	8274	4673	8973	8113
6517	3898	2881	7383	7005
1844	4454	6534	1107	5050
9211	6201	65	2658	6489
7110	1472	1329	6403	1190
2867	9128	8098	2457	8894
6736	345	282	6250	5410
4127	1796	2241	2261	8833
1365	5599	6995	4295	3905
7489	9959	1661	2915	2357
3137	1865	2533	9080	4739
5119	5690	6256	5647	8938
4689	8823	9590	8787	3694
3191	8803	2893	3536	1015
3991	713	9123	7458	9406
822	4286	9231	2361	1108
3538	7972	849	248	4212
1706	3873	3626	7939	619
1986	1680	5258	2770	441
735	3499	8909	9383	5714
4328	1253	3505	2238	7588
3320	275	6227	5858	1932
8498	2932	5126	2362	573
7561	9481	9038	8036	6097
6396	2718	3035	3231	6902
7688	3648	516	4270	4979
1956	1988	1866	8321	9579
7702	7403	912	7835	3614
9129	7754	3546	4323	9928
7396	1148	6835	4722	8210
6732	9563	2330	6330	116
3659	3713	1906	697	6059
697	5066	8455	2004	5280
6560	1742	2348	9234	326
7609	432	9242	9485	3617
6198	1761	7059	4552	8458
5598	1782	2258	4270	9267
8485	4670	6546	4635	90
9678	3862	2773	1856	4572
9790	6736	9798	731	7323
1042	275	2478	7749	5065
6921	9203	116	1705	9562
913	7237	3868	3418	9501
9041	2998	2712	7168	4581
5371	9876	1698	7756	2016
7863	7716	1741	3009	5000
5723	5129	8445	4944	6610
3874	9919	9556	6341	4387
2827	3743	4446	384	9358
698	8095	3296	1860	3636
6714	3386	4748	8587	716
3024	8608	440	4273	47
4372	1539	1947	8767	9352
843	3979	7287	9423	5573
9712	8337	6156	5646	2701
4153	5369	6864	1305	4090
8207	1962	4127	9506	1922
2014	1005	6857	3017	1663
1273	186	7651	8540	9837
9791	9974	4798	8318	2341
537	4047	7845	6470	692
3928	8211	707	5213	9308
9622	7803	8470	6187	6390
2840	536	8223	7934	7393
1401	6783	5165	2510	8717
155	6049	8555	2724	8827
5133	4885	4319	5258	4073
5972	8806	1768	4727	4264
4169	8822	2257	7103	2229
341	7743	8047	2214	8825
1417	1433	6821	4014	731
2367	4826	5705	3755	6019
9959	6655	5245	5946	5425
2046	8306	4238	6403	3042
2818	8829	9639	7281	4393
22	1450	6609	7512	1054
2304	7221	2591	1147	2529
3214	8179	3805	5924	6462
3456	1735	8302	9364	8867
3488	8014	8769	8973	9424
1787	1228	3309	6332	1077
838	65	5189	2518	4985
3928	994	7876	4966	9055
6498	7397	8216	7899	6067
5313	2281	1889	6430	283
9316	4129	5720	3136	5615
445	704	2697	9427	9957
9478	8640	3293	4647	5281
6657	691	9541	405	2015
8682	364	8213	2374	3377
8246	98	6434	9010	4206
5561	781	6234	6776	7170
6515	8135	6555	5438	5664
1162	5433	9716	3767	6502
2338	5924	5695	7801	3360
411	7279	6784	4930	7753
4144	369	585	5244	2915
7296	9857	6197	6935	4981
7826	7893	5791	7438	8221
1309	5157	3445	2761	4497
143	5463	6645	3014	2111
8079	7184	443	8620	1742
9021	5056	7826	1166	8248
227	9757	1020	618	6
479	6888	8113	7993	2220
3014	788	941	7728	335
6777	6142	2201	3227	2378
8455	2745	2241	6798	9605
5070	4463	6965	9494	9130
1544	8999	6480	5651	2703
4085	115	3438	1278	4249
6574	1784	4821	3820	210
438	1743	8241	8637	1929
4360	5060	3071	6099	6856
5379	3755	7779	8803	5406
9860	8756	1789	6917	1953
4333	2663	8818	2625	6961
978	7366	8118	9601	9984
1239	3697	743	3965	6464
7453	7277	942	7522	3478
9148	8221	402	806	7978
3204	8785	6162	2362	9140
5490	1808	4421	6458	5985
2086	6713	3400	8555	4514
7652	1961	8655	1103	1981
67	9299	9156	7522	5708
8694	6008	9028	9049	2896
7344	5924	8504	5257	3565
3715	1307	6164	8713	500
1161	7508	4065	4226	527
5460	4719	8191	909	630
4544	8097	7390	9065	342
9758	5095	9543	9497	5325
7565	8979	8510	2679	9599
4398	4687	6054	3650	6454
8185	5192	940	2817	3121
9984	8362	957	2222	8325
7241	6113	2934	2972	7374
4874	5328	2693	7971	9860
1880	5078	4213	8922	5266
6904	2869	8592	3018	6457
3032	87	3183	1481	7658
4703	5194	3760	3479	5725
3600	6218	1542	3150	1995
884	6307	2056	2530	8504
1855	5847	2467	3664	3727
4682	5672	7861	5319	600
5621	9734	7798	7739	752
5948	943	1257	8440	8394
8497	438	5847	8092	6002
4936	4154	7356	9210	3267
8047	2315	7835	5973	1176
223	5974	5403	5104	1870
489	3514	8565	5568	8070
1557	9066	5543	6364	4150
6924	4757	3648	5569	3713
7585	5302	7056	4337	1104
6685	6143	3236	4606	9065
7990	3421	6961	4761	7459
596	8206	6689	7408	8916
9891	7650	9000	5243	9367
7573	9431	1077	4908	841
630	9243	1841	5778	5690
5601	8548	8711	458	6225
1548	6065	7326	71	7912
6450	1369	4080	7466	1175
8728	5675	2909	6370	3787
2946	2973	8154	3029	5934
1659	8526	7192	4806	7184
477	3940	6935	5689	998
6173	3151	9027	6277	4913
2996	6051	635	2349	318
8331	4580	847	4916	6773
7236	9383	1671	9176	9698
373	7400	4754	2743	3064
850	8315	5050	6877	5075
5843	1625	796	2554	4253
3552	2962	8161	3678	5418
2130	342	23	352	5927
4301	9787	1180	5970	6992
2340	4916	9364	9712	7167
1984	4649	8114	8279	4476
7419	4094	2273	9948	9365
3461	6800	401	8024	3907
3523	1591	907	6494	2898
4612	138	7358	1941	6658
1536	6120	3814	9545	3487
3095	7230	4979	3042	4935
6371	9968	9863	8742	2451
8209	1080	309	8038	6906
8934	3924	802	3806	2506
3596	4653	5725	6837	4068
750	5500	9009	7255	7486
7175	172	6321	1720	7426
3012	2862	6738	4545	8433
9268	4390	6120	2481	8679
6336	9446	5910	2461	1931
5981	3157	898	9961	3459
3657	7690	8536	3209	5204
5772	4804	3321	5489	1399
9360	7912	3054	1758	7689
2993	5402	3944	3960	4698
6844	6025	6039	1675	5498
1804	9087	389	6026	6751
8185	3695	6446	9683	837
2820	5005	4999	6756	6070
8080	6920	391	136	5883
3705	655	3091	4512	1565
5203	7607	7215	3587	6422
8731	4019	7087	1894	1436
4571	4241	7146	4473	2919
2759	9435	2140	9525	4672
3132	1801	2996	826	4464
5830	1128	8995	2044	5442
9076	8215	9354	8691	8902
2432	2001	6087	7338	6162
9298	6515	597	3427	4890
9332	3130	8502	2857	6988
8267	6065	2954	10000	9730
4605	1584	5665	3057	9545
4368	1241	9556	4366	4028
5240	6356	2249	6991	1024
7881	4106	2140	3851	2869
8438	3585	685	6662	2903
5532	551	3629	2891	9093
1649	3729	2301	9365	2496
3114	1506	3688	1154	4543
4137	7190	5827	2620	107
4917	3627	4670	5071	2087
9741	9212	4652	3814	7219
9944	8696	3297	4821	9421
4843	7836	2906	6887	5609
2987	476	9861	6853	8863
7246	9633	1984	6119	7493
358	1627	3315	7670	4496
202	956	6765	3478	986
6506	7509	1859	3842	6968
877	4189	1036	8434	3371
3817	4549	9769	8726	30
8950	5669	5424	9210	3209
8105	3037	5642	6886	738
311	8727	1683	9668	7265
3551	627	5612	3536	5675
7692	8688	9003	6231	1703
3170	4451	422	2540	3397
7481	5995	6217	7611	2565
4868	4518	7653	9426	2020
482	4497	7576	2454	1184
5994	9285	3486	752	8829
955	229	127	7421	9027
5636	4281	4203	362	6768
7270	8420	4819	9530	2159
8022	7352	8148	322	5725
5743	855	7220	6862	2531
8483	9375	191	5655	7815
349	7141	4728	9856	601
9132	4058	6272	4772	985
5449	2072	5102	5513	5525
9932	5773	3493	3635	9541
2979	6822	6891	7337	6360
4420	7145	4493	2373	7746
6211	9303	2864	2393	8924
6784	7811	9275	1466	8232
318	4842	9526	8992	5275
8842	9126	8044	3674	9511
3259	586	7109	750	2605
4573	2970	7069	2263	751
2894	2622	8269	7666	93
2370	7818	4116	8264	5472
5522	4123	9867	4905	3663
2964	8776	5862	1064	928
6318	8315	9300	5433	1653
7671	8827	653	1291	6083
1470	1303	7651	1744	5829
856	4299	5058	3641	2437
3149	1463	5190	1506	6587
3542	1277	8585	2931	3015
8442	4901	3823	3650	373
2422	6268	6652	6453	7955
7319	6035	3406	6557	3470
9923	9251	637	8113	5844
8321	4128	5428	9044	2656
7633	5909	5092	116	867
4095	9966	3059	2571	7880
6204	5223	8226	5832	1316
3992	4310	2032	7932	7927
7399	5386	4998	7678	621
1797	8138	3354	8228	288
7810	3408	9708	2374	8906
3010	8401	1215	5034	8075
5216	2459	4884	3403	4784
5395	6649	4637	1679	3505
5647	1799	9227	8304	2080
9066	8908	3572	1417	5699
3954	8178	9058	1302	4776
6392	6971	9402	9081	492
5298	8165	2422	9549	9862
8386	4281	6410	5498	8359
5905	7110	2635	9552	5472
7037	9894	5854	8191	4598
9382	6412	3678	5842	5051
3348	2759	6083	7614	8846
4749	8953	5460	4744	4505
4005	8868	6238	7555	5019
5442	9245	6315	2214	2455
2702	9050	3541	824	3879
6532	5551	9827	8242	5901
4435	8881	4180	4473	1233
544	5884	5109	8455	7263
2541	3614	378	3115	9354
7273	4644	2092	2570	4843
4263	5982	4619	6221	5591
9139	9677	3029	4396	54
7342	7791	4045	9883	5270
2418	3538	6752	6115	9349
6699	4543	544	1346	5585
1232	8392	2415	210	5387
5555	7391	9814	9705	9588
3372	1507	3826	9872	7931
2564	6887	4488	2149	1966
4024	9703	76	1445	1629
691	140	2157	8932	4424
8646	1643	7573	4235	8636
2647	9401	6262	1043	8059
7853	4134	9019	6987	3731
4656	7978	1944	6152	6087
5292	5126	2569	536	7963
8953	7544	490	9983	2467
404	6642	9315	5585	8445
6257	6536	2294	2168	7263
6739	1461	6248	9803	4285
8102	2635	6486	2868	7667
9954	3787	9242	490	5101
2248	4970	8750	2306	4725
7878	4130	9945	2405	4740
5382	585	9377	1060	8592
7608	9855	3334	7635	3523
3418	1082	4512	9126	9060
9868	1583	5139	9646	9231
9629	4378	8199	2187	450
6420	1232	3853	970	1417
3760	5356	5592	2451	573
1264	4193	8275	5903	4601
3921	7226	4974	3866	3639
3027	8248	4650	8604	9160
1329	2009	4683	2998	4459
7637	9802	5899	1690	1996
8334	7769	1599	7936	4326
3769	7111	3208	2512	6414
1782	2761	6866	7628	414
1589	2195	4299	6024	2539
3811	2624	5537	6995	6027
7433	5211	7297	755	5855
6176	7855	9672	1868	7090
3684	7056	6755	6299	6046
5747	4658	8018	2526	7200
6138	2143	8980	3135	3880
7335	9183	2958	5109	8007
9547	4166	8141	2967	5958
6464	580	1068	3826	8196
3552	7079	1535	4951	487
9629	5240	1629	1976	5102
2389	705	5560	6443	2254
273	7709	8608	8735	9975
6102	5373	2845	4692	5732
6025	3533	3461	4202	368
1441	4060	2287	4461	446
4148	1681	236	9648	1966
1449	1115	6716	5500	8974
5245	1680	9493	2864	7812
6314	5165	3470	5741	2365
1331	4204	8722	9696	8921
2794	4809	1616	1382	348
4883	3616	4106	5698	1665
3888	9408	3137	9420	9886
4758	7601	6229	6322	2742
173	7074	880	7966	320
1947	7464	6957	8300	8581
4976	7200	5491	1528	4402
6765	2760	7420	9390	3989
8402	9736	626	1246	5267
4925	9737	8630	2822	9358
5784	7613	7201	7330	9361
9331	3500	3132	3235	4151
4820	1511	1024	2773	5933
6935	8412	4867	493	5248
8929	6696	2405	2681	2660
6430	7824	6281	4679	2183
3183	5888	7066	2914	6130
1638	3758	4496	3103	9844
4486	6562	5135	3847	669
8719	1099	4011	4285	2123
2890	7170	5641	8638	1486
1823	9943	8040	5692	8955
4316	9373	3760	198	347
4657	3761	87	3146	251
3278	7560	4235	9725	6130
4551	2439	9406	1092	4124
6098	271	7274	923	7087
2440	7140	1083	698	2169
3323	2523	1652	2753	7395
4628	7602	371	62	3106
1518	7935	6530	1626	954
9785	4491	139	7018	8537
62	7938	874	1765	3940
6580	8478	9444	4159	6557
5262	6712	3387	5243	5016
1008	1039	5317	6884	3776
623	6211	2628	6006	7337
7175	7256	8121	518	8782
1679	3444	7910	9364	8665
3208	1429	2390	1592	8064
466	9217	2427	9546	3003
8894	4038	2087	4257	4456
233	5133	2487	5377	401
8852	8526	1198	3101	7653
803	7502	7178	8582	2261
8684	7270	1047	4397	5677
880	3791	2545	2832	8897
305	9772	9101	985	9224
3145	9978	6096	2407	7383
2100	7839	9461	9503	9308
4927	5824	2626	6199	5281
6105	4313	5907	3981	2689
6953	8567	8021	8552	1477
9908	1191	840	4525	50
543	7133	6741	3727	433
5130	7414	5051	9790	4924
2691	2837	2426	9771	5708
6150	752	2376	5983	5307
4806	2658	3756	5975	9637
6781	3769	4722	313	7840
9635	9947	4171	8420	3983
5140	9836	8545	5994	9048
8983	2662	5948	2118	5412
5249	9821	9297	6506	853
7748	8996	7898	800	7625
70	8442	4650	466	5578
6909	6718	860	2426	598
1508	9991	6242	8962	5708
7220	5277	7375	48	2623
8861	8733	6510	4654	1260
4712	2866	7979	928	5666
4731	4695	1518	5006	9526
6878	4136	7623	3510	8203
2433	3692	8965	2361	2376
9737	9209	5102	9238	2814
8329	6802	106	1833	3500
5619	9622	3131	4001	3004
5766	7486	8827	6897	4072
8515	815	5716	5216	2058
8421	8634	9452	728	4864
7180	2970	6504	7635	2826
2624	8834	6856	7082	4029
8832	3549	37	8243	2885
1491	8094	6210	158	3712
6410	5216	8178	1050	5475
9878	3088	6715	7988	5717
1414	3007	6857	11	3929
8318	2995	9753	83	9285
7854	3506	736	8410	4670
32	8688	6147	7901	8593
7275	3855	925	3791	1047
4732	1365	4824	2526	7760
3666	6938	4961	8236	6383
732	5764	2744	4825	5511
2514	7523	9549	3886	9473
9258	2404	6630	9164	7118
3116	7997	5688	4100	6999
5050	3239	5100	172	898
5289	3034	8039	4393	7291
9009	4847	5496	3984	5086
1705	9369	308	4483	7846
8445	5430	2516	3942	1045
9844	1026	7539	6285	7666
2355	7348	8413	1399	5334
4510	7843	6817	517	3375
3977	601	8063	7561	9202
5205	779	270	5752	6056
3364	2162	9788	1589	5370
9796	2909	571	2530	3647
8779	2747	9663	7548	8581
2846	58	1018	5729	997
4453	1284	1385	5724	5727
6610	3885	2594	1399	9547
3419	9455	6470	9993	5150
5897	7608	9364	9874	8735
5269	1160	2625	171	6122
2585	3741	5640	8271	1680
6090	5518	6736	4244	9396
9577	7996	1514	7438	2469
6388	3065	5176	1097	4154
4249	2566	5711	1077	7999
8525	4853	4389	9462	6986
2596	6361	8458	9092	220
3138	4042	1190	9600	9478
5442	5502	7395	848	7586
8110	3973	7570	4819	6513
804	7793	3249	3908	2615
1725	9150	7025	7605	7325
3027	8575	522	199	6539
7801	888	5774	2787	5473
347	8192	6925	7696	7825
1648	1398	1360	5734	4757
9248	452	6373	1082	1680
8611	6621	1768	1531	5256
3784	216	938	9222	2169
6524	1951	4867	8612	9518
1235	59	4670	5643	8816
3522	2967	9972	2412	4352
9537	4024	2861	1435	8234
1287	8214	1807	9703	9243
1944	2150	6036	4918	9841
4083	3475	735	7566	678
499	8284	6276	4224	7552
8153	495	2725	1206	4804
2910	2920	7579	2097	909
1615	8401	986	7960	307
6682	6838	2744	7555	9591
4655	181	4642	2679	4964
1463	6926	9629	6588	4364
8288	8708	9640	9731	6034
1707	5495	4983	8600	8848
1739	5420	4727	2198	4696
8823	6075	470	1394	4964
3341	7179	475	7996	7532
1761	656	6499	1360	1083
9145	3160	519	4556	6147
2702	1099	7594	1320	4297
7185	1076	589	6346	7477
1609	9024	8181	394	232
8432	1233	2070	9134	5499
4834	930	9726	7054	4343
6709	649	3936	3519	729
9994	2432	734	7433	7512
3403	2834	6707	6322	1889
4190	7367	6287	2733	7388
2812	5945	6711	3178	9933
9947	2826	3443	8851	4059
8295	3379	3917	5906	2040
3173	8799	8866	5181	8781
6095	4721	2407	4695	5838
6988	883	1337	2625	9599
6484	5221	7743	3571	3860
1709	2880	4295	7873	6813
2955	505	4028	702	5460
6571	4485	989	9283	3634
1274	2659	3763	689	3382
5401	3765	4857	244	7985
2951	9279	3760	6443	8652
2588	1657	1011	596	8296
3801	8807	877	6859	1493
3986	7781	6120	8942	7298
1154	3409	9298	6911	3325
1376	9690	2440	9779	4253
9636	5515	8401	38	3860
1251	2946	472	8530	9308
7252	4830	8207	4309	2072
8544	2077	417	3791	5133
703	2415	4072	6847	1112
9442	1278	5158	8814	6143
2198	4034	5071	4741	3400
3176	3948	2739	715	5616
2590	4058	508	285	8849
9708	5832	9976	2199	7669
6638	8982	3524	6543	9512
5879	8146	1913	3499	7677
5136	5864	3357	7705	1188
3739	2295	7840	6220	2600
4397	2899	575	4778	4209
7728	3400	5453	1859	4168
49	3061	8248	1456	9617
6415	9454	2956	3388	385
2941	1689	3581	7110	3360
9986	9451	5913	3483	1083
3229	944	3267	2453	1322
2413	8854	3014	6419	9046
627	6310	8715	72	5762
9075	4007	2396	2673	6933
6266	3424	4132	932	8965
1953	9713	9431	9859	5666
7445	9834	2324	4883	9605
1321	2620	4516	9417	2072
6962	3148	335	9257	3508
6187	4805	2785	2309	2455
8692	8983	3359	4784	8512
4777	9242	711	9076	1845
7118	7815	9782	7392	7902
9538	2558	1230	3237	2889
1789	2210	1001	4305	1938
9098	594	3670	1437	6107
8537	6509	8947	1393	9696
5537	7616	6296	7995	5458
2116	3951	1551	9195	3637
1689	435	6223	2354	5911
8413	7772	123	3442	1532
751	6935	7556	2083	247
5885	1409	5215	6397	3412
836	7237	2911	7746	8401
4071	1762	2899	7115	2856
7526	6836	1021	4004	8888
72	8220	5937	9219	7193
307	9915	8583	6824	8996
388	1702	8178	7507	5317
2047	3250	3698	1018	185
6717	5375	5871	8516	2044
3731	9349	4863	8185	5062
6136	9526	3295	6561	3153
2768	5064	7448	4405	344
5090	4866	1231	5509	6874
2205	8525	1674	6868	8630
8418	5121	5886	8073	703
2213	3784	296	7932	6037
4156	2977	6626	2663	1398
3891	6049	9324	3729	1982
3340	1627	1675	6901	6936
6978	1339	8307	4374	7352
7665	9255	8135	6569	6682
2938	63	4303	9216	3535
9225	613	3254	3859	1795
919	144	9235	2493	7894
9979	4022	1588	4625	1361
7569	3129	6972	4646	5091
4810	6789	2105	1392	1185
1585	6577	3610	7869	1741
4062	1251	8432	5802	5806
4632	9289	4246	3584	6148
4372	2454	6328	7908	7439
9364	4179	8275	5110	8839
3466	7435	4281	8632	4432
2238	9055	3557	5668	5843
104	6279	7954	3171	9329
4690	2526	1784	7130	8577
9548	1032	7661	4052	5890
3507	6299	154	1375	124
3711	6165	9338	9458	93
7134	2129	6072	7281	2809
7542	7838	6921	5995	2077
345	3285	9728	715	7348
929	9500	5734	4876	1850
493	8070	6607	9882	4193
6017	5130	8610	7555	85
8121	8828	1404	4930	5195
3080	921	8931	2274	9268
8776	2982	1466	803	5123
477	7898	242	1498	5739
5436	4733	8687	313	1481
7152	448	7886	2678	2467
5661	7718	4752	386	5141
4828	4025	8189	2232	1477
9556	6696	4075	1912	6800
5636	3695	6313	304	5123
3860	4268	6226	169	4624
2210	95	2517	5105	4572
9893	3396	3565	1151	5806
6510	9175	5741	2232	3161
552	5556	7545	9175	4755
1848	4922	7427	1644	2855
7928	5238	3707	9341	7471
3763	4156	158	124	422
4467	524	4898	372	6507
1994	6586	6468	6971	9434
8317	4464	502	8224	2530
943	8055	5710	1925	7010
3960	5530	4504	2310	5577
5499	5477	4436	1018	5405
4478	2318	9221	205	9147
2582	6100	3316	6031	1206
8182	5950	161	8165	9014
2067	5566	2357	4257	8839
9492	6803	6633	7642	7769
2832	8587	5908	7710	8460
4571	5118	3254	6360	1397
1846	981	6169	5881	6695
278	8643	2639	3730	8675
6513	9688	9807	661	8984
9343	2830	6757	459	4045
4975	5585	5287	8603	1665
2893	5211	4806	2102	16
6002	4183	3883	7663	8695
1913	7341	7550	5416	3894
8082	4623	3356	8338	3843
5401	9420	3589	394	5523
2362	7693	9917	8221	2200
8655	4957	7893	7393	9907
9570	4693	250	8410	201
9816	4875	1741	344	5027
8466	9223	6755	3430	9629
8124	1094	4672	8257	2835
6084	2496	3385	8185	9224
6048	1203	8963	3963	3067
5687	2999	5812	1520	3843
8351	8355	4394	1386	7239
5590	7411	3624	2246	1483
2179	8787	1385	7668	1106
6397	8580	9076	1562	3977
5392	2927	3412	9390	3457
9727	6969	4976	6997	8435
1334	7635	725	176	1215
8606	3095	6068	650	5313
5896	4416	7926	3184	900
6286	1790	8339	450	2329
3795	4547	7391	6836	8665
5361	1888	9430	7743	5326
9197	2283	8858	9823	7142
5834	3881	3145	8691	3265
4643	299	8455	3451	6672
2008	8103	1076	8680	5677
3615	6729	828	757	7681
7572	2134	8554	3762	1774
9052	5264	7643	4179	5772
8481	377	9090	6384	4068
9724	9720	6224	991	2621
4205	9204	8651	1706	8462
1136	6980	9659	6532	9369
8442	5318	5440	3422	4346
1170	6032	3587	7333	3675
3456	3291	2809	911	8618
7634	9180	1761	3467	7407
6243	5590	1527	9595	763
6723	9590	1189	4486	4579
2427	7977	2831	5794	5806
3809	9514	1277	7752	269
4340	8491	5700	3956	782
6455	4479	2564	401	3819
2177	2600	1240	9317	1275
5618	1206	8212	3681	8667
76	2516	8879	336	1537
4145	5557	6619	9151	1071
3076	6473	4819	4878	2254
2177	42	3010	5751	8249
3968	4686	3698	5934	6612
2687	3130	5172	4493	8521
5063	1693	6803	894	9413
3188	9041	1946	735	3043
6155	1659	7812	761	6809
9639	9845	4501	4643	9134
2903	181	5485	486	1943
8823	2727	3714	8792	6187
2307	5782	3431	2857	2825
688	5321	2754	6937	6994
8210	6656	9502	2466	9765
1379	7354	3487	4043	712
5345	7419	8161	9162	4176
8555	4298	9475	9556	5931
396	3148	1439	3668	5431
7622	584	7899	1318	7862
3151	1306	9508	8342	7985
9367	8521	9404	8056	6480
1771	7168	4518	5946	4597
6827	4392	1511	952	3644
8867	3458	4658	3155	5456
5527	5815	6029	9677	926
945	5470	619	3848	6386
7627	7310	9021	2317	8643
3975	2744	7986	3293	4975
726	2829	2465	714	5254
9786	5248	588	7607	6847
3867	770	3947	2673	1293
6594	1741	5699	1277	9185
3068	8029	462	3590	8390
7457	2872	6665	1342	2555
1672	3813	1323	4890	2425
9381	6245	6292	4629	8015
1192	2668	2824	5087	5507
8469	3377	8982	2599	9398
3172	8710	3336	5309	3530
3682	5648	4717	3743	3746
2390	8817	7341	2456	7121
4320	7038	7925	8558	3392
4842	7075	3031	5852	3478
9551	1886	4039	9719	230
7073	518	434	1876	4421
565	9748	7776	5639	7974
5189	913	3436	5304	5555
7947	5651	1461	8300	7211
3590	8442	6574	815	9899
1862	3644	323	405	9301
8029	8700	1503	7251	1749
526	5167	4837	1368	3120
7339	3401	9110	6374	7070
2286	2707	7401	3627	6563
2827	4571	8021	2735	979
6764	283	4396	3476	8631
8984	8053	7810	8807	5014
611	2293	680	9736	6024
6243	6220	8884	8802	1893
5276	8009	4271	8120	5935
9156	5639	7272	5535	2445
3855	5050	9186	2905	9522
9181	2666	4407	9715	1737
6284	3398	2043	6811	5680
1742	3746	1370	1794	8066
7971	2809	1367	4402	8881
147	3706	9994	3007	6590
5453	7609	1581	8172	1747
8543	985	4773	1389	6809
7815	3435	2122	2787	2680
764	5481	5489	3397	6852
203	846	4705	5530	5724
1152	4194	3376	7914	4502
5130	3548	981	2286	2613
9207	4551	6043	498	2613
2254	7576	8851	7857	8676
7643	3792	338	7729	210
2023	6664	1836	8452	676
3330	2167	1829	9861	8682
3923	2839	3417	8256	4656
9828	4036	2357	4421	234
7860	374	4623	2930	2128
4803	5043	4048	8801	7395
9773	2862	4028	3228	3308
5812	668	9292	378	5863
6252	5458	4414	3354	9826
5800	8736	5829	6738	2532
9864	2325	1815	6893	8923
1395	760	2865	4802	7388
9162	7813	388	5646	3342
4843	5656	8824	7540	4552
3358	8223	6982	1709	3411
9636	2280	3010	4042	9476
8047	2996	3021	3436	4439
3703	3524	2266	1732	8588
8123	2680	1049	3259	2649
174	658	4711	5181	1244
9281	9799	8946	4605	5671
7060	7569	1185	1086	2444
2412	4720	675	8923	6104
5976	131	1770	2461	5006
1832	5432	2085	6902	215
7361	964	5418	5759	3214
4790	1307	6028	8108	5264
4118	7350	6384	7895	6326
8079	9703	8614	2412	1414
5247	655	3726	1096	2485
9095	9316	2415	4408	4812
2719	6889	8969	9443	8965
5097	6667	704	4443	4369
7248	2613	7178	1656	9246
1409	7978	3307	3022	7427
1812	7013	3413	9272	7881
1844	9220	4943	9975	5262
5191	3520	5785	7818	4258
2236	4522	311	1802	2773
2556	5275	75	2765	5091
1511	1873	861	7614	4558
5353	767	1678	5549	6633
8897	5969	440	7379	1954
7854	2328	4323	5675	4246
5339	3231	6252	8849	7
4595	5673	8474	1505	3017
4227	3944	5882	7794	2326
669	1896	844	8638	9059
4519	2521	1498	5717	8866
309	1049	6118	7652	2543
1358	330	8981	7367	2891
5222	4056	4967	2772	3003
3265	887	1576	1395	3184
9850	7532	3911	41	4531
1724	2218	1964	3932	2419
1562	3375	7913	8733	931
3471	5384	9958	7572	4961
5946	1850	263	6020	2700
762	4004	6443	9460	4387
5985	8923	630	6411	8249
521	6790	6049	8716	995
7717	4383	220	9656	3433
6137	9023	4424	1047	5935
6247	616	6001	449	7491
1653	7002	5410	8886	655
2593	1777	3572	3365	1289
1379	8389	303	6249	321
151	6369	3506	2503	9514
4128	1628	9161	2412	4144
268	3770	5975	2712	1189
2619	4251	1307	2971	3938
7871	4703	9741	2563	594
8750	9129	3868	792	627
9090	283	7230	8839	7636
6777	4270	8456	9535	44
9794	6679	3684	1457	2735
5631	3015	4226	5867	7025
9438	6778	6821	6635	3185
3349	9866	1189	4962	2820
9420	2784	7859	8332	4292
9549	428	2089	2649	8967
3791	4963	3029	3497	3039
9612	2700	9681	7961	6223
8241	7350	8814	4237	2490
8860	1085	7239	7558	1546
3072	5244	204	3058	1284
5876	6238	8789	6853	8783
9194	8585	9404	2891	5173
7349	6076	4703	8467	1609
4325	1888	3150	1549	8192
3383	1649	1710	6960	2414
8429	499	2617	6926	6129
6695	2772	5355	951	9792
1974	3126	2835	1010	5473
5007	7441	2130	5983	3630
3980	8579	3556	8382	8102
65	1096	5179	4677	789
9895	6836	6458	1454	2326
3139	241	5986	1044	9853
6120	4290	7977	799	993
2808	6549	8928	4527	2774
1331	8643	3884	891	9245
4636	904	8182	3112	2438
3279	9190	9369	1961	6454
4122	5474	7679	259	66
4129	4821	4987	6973	6735
1948	6096	2419	8666	8428
9294	3560	6068	55	6808
7646	6570	1446	5621	4787
5577	7939	9925	6494	6503
9829	3590	8049	4081	4949
628	3619	160	9593	2278
9625	7529	2260	1239	1675
3776	33	3094	6304	1419
1440	9907	4373	4112	8412
8641	9045	4718	4452	6962
2801	5998	4659	1667	5562